<?xml version="1.0"?>
<opencv_storage>
<classifications type_id="opencv-matrix">
  <rows>60</rows>
  <cols>1</cols>
  <dt>i</dt>
  <data>
    48 49 50 51 52 53 54 55 56 57 48 49 50 51 52 53 54 55 56 57 48 49 50
    51 52 53 54 55 56 57 48 49 50 51 52 53 54 55 56 57 48 49 50 51 52 53
    54 55 56 57 48 49 50 51 52 53 54 55 56 57</data></classifications>
</opencv_storage>
